BaselineInfo:
  WebDBID: -1
  TimeStamp: 20251030040908
Version:
  Major: 11
  Minor: 0
  Build: 1002
  SpecialBuildName: ""
  ptArchitecture: aarch64_linux
Results:
  Results Complete: true
  NumTestProcesses: 4
  CPU_INTEGER_MATH: 11693.345000000001
  CPU_FLOATINGPOINT_MATH: 4526.6843955677923
  CPU_PRIME: 4.1993609976046731
  CPU_SORTING: 3995.6368299626647
  CPU_ENCRYPTION: 78.651014105308633
  CPU_COMPRESSION: 8678.0268992647816
  CPU_SINGLETHREAD: 484.26244717279371
  CPU_PHYSICS: 94.150941469569887
  CPU_MATRIX_MULT_SSE: 781.57247228883489
  CPU_mm: 230.63446276863772
  CPU_sse: 597.16986408315563
  CPU_fma: 965.9750804945138
  CPU_avx: 0
  CPU_avx512: 0
  m_CPU_enc_SHA: 100358423.83929108
  m_CPU_enc_AES: 61907130.949018873
  m_CPU_enc_ECDSA: 85149142.511154324
  ME_ALLOC_S: 0
  ME_READ_S: 0
  ME_READ_L: 0
  ME_WRITE: 0
  ME_LARGE: 0
  ME_LATENCY: 0
  ME_THREADED: 0
  SUMM_CPU: 636.46857397353358
  SUMM_ME: 0
SystemInformation:
  OSName: Debian GNU/Linux 13 (trixie)
  Kernel: 6.12.47+rpt-rpi-v8
  Device: Raspberry Pi 4 Model B Rev 1.5
  Processor: ARM Cortex-A72 4 Core 1800 MHz
  NumSockets: 1
  Manufacturer: ARM
  NumCores: 4
  NumLogicals: 4
  CPUFrequency: 1800
  Memory: 3796
Checksum: B5002EA93E1014D5CC703E7070855EBE63BCC36F